>1     133 OD1    20 ASP  -13.468  52.741  31.769 1128  0.69     3.24    
       150 OD1    22 ASP  -13.468  52.741  31.769 1128  0.69     3.24    
       171 O      26 THR  -13.468  52.741  31.769 1128  0.69     3.24    
       213 OE1    31 GLU  -13.468  52.741  31.769 1128  0.69     3.24    


>2     119 O      19 PHE  -12.771  51.967  31.860 1128  1.67     3.51    
       133 OD1    20 ASP  -12.771  51.967  31.860 1128  1.67     3.51    
       150 OD1    22 ASP  -12.771  51.967  31.860 1128  1.67     3.51    
       171 O      26 THR  -12.771  51.967  31.860 1128  1.67     3.51    
       213 OE1    31 GLU  -12.771  51.967  31.860 1128  1.67     3.51    


>3     150 OD1    22 ASP  -14.052  53.829  31.356 1128  0.65     3.31    
       162 OD1    24 ASP  -14.052  53.829  31.356 1128  0.65     3.31    
       171 O      26 THR  -14.052  53.829  31.356 1128  0.65     3.31    
       213 OE1    31 GLU  -14.052  53.829  31.356 1128  0.65     3.31    


>4     133 OD1    20 ASP  -14.164  53.143  31.684 1128  0.6     3.34    
       150 OD1    22 ASP  -14.164  53.143  31.684 1128  0.6     3.34    
       162 OD1    24 ASP  -14.164  53.143  31.684 1128  0.6     3.34    
       171 O      26 THR  -14.164  53.143  31.684 1128  0.6     3.34    
       213 OE1    31 GLU  -14.164  53.143  31.684 1128  0.6     3.34    


>5     150 OD1    22 ASP  -14.035  54.179  30.344 1128  1.48     3.76    
       162 OD1    24 ASP  -14.035  54.179  30.344 1128  1.48     3.76    
       171 O      26 THR  -14.035  54.179  30.344 1128  1.48     3.76    
       188 OG1    28 THR  -14.035  54.179  30.344 1128  1.48     3.76    


>6     428 OD1    60 ASN  -17.993  49.861  22.354 1129  1.54     3.39    
       437 O      62 THR  -17.993  49.861  22.354 1129  1.54     3.39    
       455 OD1    64 ASP  -17.993  49.861  22.354 1129  1.54     3.39    
       482 OE1    67 GLU  -17.993  49.861  22.354 1129  1.54     3.39    


>7     416 OD1    58 ASP  -18.172  50.541  20.943 1129  0.54     3.25    
       428 OD1    60 ASN  -18.172  50.541  20.943 1129  0.54     3.25    
       437 O      62 THR  -18.172  50.541  20.943 1129  0.54     3.25    
       482 OE1    67 GLU  -18.172  50.541  20.943 1129  0.54     3.25    


>8     403 OD1    56 ASP  -17.600  50.547  20.473 1129  0.58     3.26    
       416 OD1    58 ASP  -17.600  50.547  20.473 1129  0.58     3.26    
       428 OD1    60 ASN  -17.600  50.547  20.473 1129  0.58     3.26    
       437 O      62 THR  -17.600  50.547  20.473 1129  0.58     3.26    
       482 OE1    67 GLU  -17.600  50.547  20.473 1129  0.58     3.26    


>9     403 OD1    56 ASP  -17.758  49.856  21.195 1129  0.45     3.82    
       416 OD1    58 ASP  -17.758  49.856  21.195 1129  0.45     3.82    
       437 O      62 THR  -17.758  49.856  21.195 1129  0.45     3.82    
       455 OD1    64 ASP  -17.758  49.856  21.195 1129  0.45     3.82    


>10    403 OD1    56 ASP  -18.034  49.726  21.302 1129  0.66     3.61    
       428 OD1    60 ASN  -18.034  49.726  21.302 1129  0.66     3.61    
       455 OD1    64 ASP  -18.034  49.726  21.302 1129  0.66     3.61    
       482 OE1    67 GLU  -18.034  49.726  21.302 1129  0.66     3.61    


>11    416 OD1    58 ASP  -18.684  50.568  21.792 1129  1.35     3.63    
       428 OD1    60 ASN  -18.684  50.568  21.792 1129  1.35     3.63    
       437 O      62 THR  -18.684  50.568  21.792 1129  1.35     3.63    
       455 OD1    64 ASP  -18.684  50.568  21.792 1129  1.35     3.63    


>12    416 OD1    58 ASP  -19.367  49.640  21.370 1129  1.73     3.31    
       428 OD1    60 ASN  -19.367  49.640  21.370 1129  1.73     3.31    
       455 OD1    64 ASP  -19.367  49.640  21.370 1129  1.73     3.31    
       482 OE1    67 GLU  -19.367  49.640  21.370 1129  1.73     3.31    


>13    416 OD1    58 ASP  -18.400  49.063  21.826 1129  1.58     3.3    
       437 O      62 THR  -18.400  49.063  21.826 1129  1.58     3.3    
       455 OD1    64 ASP  -18.400  49.063  21.826 1129  1.58     3.3    
       482 OE1    67 GLU  -18.400  49.063  21.826 1129  1.58     3.3    


>14    403 OD1    56 ASP  -18.556  49.827  20.815 1129  0.83     3.52    
       416 OD1    58 ASP  -18.556  49.827  20.815 1129  0.83     3.52    
       428 OD1    60 ASN  -18.556  49.827  20.815 1129  0.83     3.52    
       455 OD1    64 ASP  -18.556  49.827  20.815 1129  0.83     3.52    
       482 OE1    67 GLU  -18.556  49.827  20.815 1129  0.83     3.52    


>15    403 OD1    56 ASP  -17.782  49.365  21.180 1129  0.85     3.49    
       416 OD1    58 ASP  -17.782  49.365  21.180 1129  0.85     3.49    
       437 O      62 THR  -17.782  49.365  21.180 1129  0.85     3.49    
       455 OD1    64 ASP  -17.782  49.365  21.180 1129  0.85     3.49    
       482 OE1    67 GLU  -17.782  49.365  21.180 1129  0.85     3.49    


>16    403 OD1    56 ASP  -17.457  50.004  21.602 1129  0.83     3.52    
       428 OD1    60 ASN  -17.457  50.004  21.602 1129  0.83     3.52    
       437 O      62 THR  -17.457  50.004  21.602 1129  0.83     3.52    
       455 OD1    64 ASP  -17.457  50.004  21.602 1129  0.83     3.52    
       482 OE1    67 GLU  -17.457  50.004  21.602 1129  0.83     3.52    


>17    416 OD1    58 ASP  -18.523  49.935  21.657 1129  1.1     3.51    
       428 OD1    60 ASN  -18.523  49.935  21.657 1129  1.1     3.51    
       437 O      62 THR  -18.523  49.935  21.657 1129  1.1     3.51    
       455 OD1    64 ASP  -18.523  49.935  21.657 1129  1.1     3.51    
       482 OE1    67 GLU  -18.523  49.935  21.657 1129  1.1     3.51    


>18    403 OD1    56 ASP  -17.988  50.041  21.146 1129  0.36     3.59    
       416 OD1    58 ASP  -17.988  50.041  21.146 1129  0.36     3.59    
       428 OD1    60 ASN  -17.988  50.041  21.146 1129  0.36     3.59    
       437 O      62 THR  -17.988  50.041  21.146 1129  0.36     3.59    
       455 OD1    64 ASP  -17.988  50.041  21.146 1129  0.36     3.59    
       482 OE1    67 GLU  -17.988  50.041  21.146 1129  0.36     3.59    


>19    720 OD1    95 ASP   15.596  17.799  17.955 1130  0.57     3.09    
       732 OD1    97 ASN   15.596  17.799  17.955 1130  0.57     3.09    
       741 O      99 TYR   15.596  17.799  17.955 1130  0.57     3.09    
       781 OE1   104 GLU   15.596  17.799  17.955 1130  0.57     3.09    


>20    703 OD1    93 ASP   14.964  18.049  18.279 1130  0.47     3.15    
       720 OD1    95 ASP   14.964  18.049  18.279 1130  0.47     3.15    
       732 OD1    97 ASN   14.964  18.049  18.279 1130  0.47     3.15    
       741 O      99 TYR   14.964  18.049  18.279 1130  0.47     3.15    
       781 OE1   104 GLU   14.964  18.049  18.279 1130  0.47     3.15    


>21    720 OD1    95 ASP   16.081  17.988  16.848 1130  1.55     3.55    
       732 OD1    97 ASN   16.081  17.988  16.848 1130  1.55     3.55    
       741 O      99 TYR   16.081  17.988  16.848 1130  1.55     3.55    
       763 OG    101 SER   16.081  17.988  16.848 1130  1.55     3.55    


>22    720 OD1    95 ASP   16.277  16.833  17.299 1130  1.66     3.4    
       732 OD1    97 ASN   16.277  16.833  17.299 1130  1.66     3.4    
       763 OG    101 SER   16.277  16.833  17.299 1130  1.66     3.4    
       781 OE1   104 GLU   16.277  16.833  17.299 1130  1.66     3.4    


>23    720 OD1    95 ASP   15.740  17.378  16.970 1130  1.26     3.48    
       732 OD1    97 ASN   15.740  17.378  16.970 1130  1.26     3.48    
       741 O      99 TYR   15.740  17.378  16.970 1130  1.26     3.48    
       763 OG    101 SER   15.740  17.378  16.970 1130  1.26     3.48    
       781 OE1   104 GLU   15.740  17.378  16.970 1130  1.26     3.48    


>24    984 OD1   129 ASN   14.111  24.366   7.804 1131  0.79     3.03    
      1000 OD1   131 ASP   14.111  24.366   7.804 1131  0.79     3.03    
      1012 OD1   133 ASP   14.111  24.366   7.804 1131  0.79     3.03    
      1070 OE1   140 GLU   14.111  24.366   7.804 1131  0.79     3.03    


>25    984 OD1   129 ASN   13.289  23.615   7.963 1131  0.68     3.13    
      1000 OD1   131 ASP   13.289  23.615   7.963 1131  0.68     3.13    
      1021 O     135 GLN   13.289  23.615   7.963 1131  0.68     3.13    
      1070 OE1   140 GLU   13.289  23.615   7.963 1131  0.68     3.13    


>26   1000 OD1   131 ASP   14.077  24.033   8.880 1131  0.63     3.11    
      1012 OD1   133 ASP   14.077  24.033   8.880 1131  0.63     3.11    
      1021 O     135 GLN   14.077  24.033   8.880 1131  0.63     3.11    
      1070 OE1   140 GLU   14.077  24.033   8.880 1131  0.63     3.11    


>27    984 OD1   129 ASN   13.982  23.643   8.212 1131  0.34     3.19    
      1000 OD1   131 ASP   13.982  23.643   8.212 1131  0.34     3.19    
      1012 OD1   133 ASP   13.982  23.643   8.212 1131  0.34     3.19    
      1021 O     135 GLN   13.982  23.643   8.212 1131  0.34     3.19    
      1070 OE1   140 GLU   13.982  23.643   8.212 1131  0.34     3.19    


>28    984 OD1   129 ASN   14.226  24.739   8.722 1131  1.03     3.51    
      1000 OD1   131 ASP   14.226  24.739   8.722 1131  1.03     3.51    
      1012 OD1   133 ASP   14.226  24.739   8.722 1131  1.03     3.51    
      1040 OD1   137 ASN   14.226  24.739   8.722 1131  1.03     3.51    


>29   1000 OD1   131 ASP   13.606  25.384   9.480 1131  1.89     3.1    
      1012 OD1   133 ASP   13.606  25.384   9.480 1131  1.89     3.1    
      1040 OD1   137 ASN   13.606  25.384   9.480 1131  1.89     3.1    
      1070 OE1   140 GLU   13.606  25.384   9.480 1131  1.89     3.1    


>30    984 OD1   129 ASN   13.606  24.725   8.693 1131  0.92     3.4    
      1000 OD1   131 ASP   13.606  24.725   8.693 1131  0.92     3.4    
      1012 OD1   133 ASP   13.606  24.725   8.693 1131  0.92     3.4    
      1040 OD1   137 ASN   13.606  24.725   8.693 1131  0.92     3.4    
      1070 OE1   140 GLU   13.606  24.725   8.693 1131  0.92     3.4    


